Version 0.9.7
7
 4 10 175 77 128 0 1
 5 -3 431 206 81 2 2
 0 129 -63 877 276 8 3
 0 144 157 877 276 140 4
 0 180 430 877 276 272 5
 0 107 696 877 276 404 6
 6 1026 84 449 130 536 13
 1
240
 255 5 71 189 71 189 71 16 71 16 156 16 156 16 0 1 0 3
 255 5 156 29 156 29 156 29 169 29 169 29 169 29 0 3 0 3
 255 5 169 16 169 16 169 16 208 16 208 16 208 16 0 3 0 3
 255 5 156 42 156 42 146 42 146 107 156 107 156 107 0 3 0 3
 255 5 156 133 156 133 156 133 195 133 195 133 195 133 0 3 0 3
 255 5 208 29 208 29 208 14 260 14 260 29 260 29 0 3 0 3
 255 5 247 16 247 16 247 16 260 16 260 16 260 16 0 3 0 3
 255 5 247 29 247 29 247 22 299 22 299 29 299 29 0 3 0 3
 255 5 195 146 195 146 195 146 247 146 247 146 247 146 0 3 0 3
 255 5 247 133 247 133 247 133 286 133 286 133 286 133 0 3 0 3
 255 5 286 146 286 146 286 147 284 147 338 146 338 146 0 3 0 3
 255 5 338 133 338 133 338 133 377 133 377 133 377 133 0 3 0 3
 255 5 377 146 377 146 377 149 429 149 429 146 429 146 0 3 0 3
 255 5 429 133 429 133 429 133 468 133 468 133 468 133 0 3 0 3
 255 5 468 146 468 146 468 146 520 146 520 146 520 146 0 3 0 3
 255 5 520 133 520 133 520 133 559 133 559 133 559 133 0 3 0 3
 255 5 559 146 559 146 559 146 611 146 611 146 611 146 0 3 0 3
 255 5 611 133 611 133 611 133 650 133 650 133 650 133 0 3 0 3
 255 5 650 146 650 146 650 146 650 146 702 146 702 146 0 3 0 3
 255 5 702 133 702 133 702 133 741 133 741 133 741 133 0 3 0 3
 255 5 741 146 741 146 741 146 793 146 793 146 793 146 0 3 0 3
 255 5 338 29 338 29 338 16 338 16 299 16 299 16 0 3 0 3
 255 5 338 16 338 16 338 16 351 16 351 16 351 16 0 3 0 3
 255 5 351 29 351 29 351 29 390 29 390 29 390 29 0 3 0 3
 255 5 390 16 390 16 390 16 429 16 429 16 429 16 0 3 0 3
 255 5 429 29 429 29 429 29 442 29 442 29 442 29 0 3 0 3
 255 5 442 16 442 16 442 16 481 16 481 16 481 16 0 3 0 3
 255 5 481 29 481 29 481 29 520 29 520 29 520 29 0 3 0 3
 255 5 520 16 520 16 520 16 533 16 533 16 533 16 0 3 0 3
 255 5 533 29 533 29 533 29 572 29 572 29 572 29 0 3 0 3
 255 5 572 16 572 16 572 16 611 16 611 16 611 16 0 3 0 3
 255 5 611 29 611 29 611 29 624 29 624 29 624 29 0 3 0 3
 255 5 624 16 624 16 624 16 663 16 663 16 663 16 0 3 0 3
 255 5 663 29 663 29 663 29 702 29 702 29 702 29 0 3 0 3
 255 5 702 16 702 16 702 16 715 16 715 16 715 16 0 3 0 3
 255 5 715 29 715 29 715 29 754 29 754 29 754 29 0 3 0 3
 255 5 754 16 754 16 754 16 793 16 793 16 793 16 0 3 0 3
 255 5 793 29 793 29 793 29 806 29 806 29 806 29 0 3 0 3
 255 5 806 16 806 16 806 16 845 16 845 16 845 16 0 3 0 3
 255 5 845 29 845 29 845 29 884 29 884 29 884 29 0 3 0 3
 255 5 884 16 884 16 884 16 897 16 897 16 897 16 0 3 0 3
 255 5 897 29 897 29 897 29 936 29 936 29 936 29 0 3 0 3
 255 5 71 202 71 202 171 202 171 202 171 223 171 223 0 1 0 4
 255 5 171 236 171 236 171 236 184 236 184 236 184 236 0 4 0 4
 255 5 184 223 184 223 184 223 223 223 223 223 223 223 0 4 0 4
 255 5 223 236 223 236 223 236 262 236 262 236 262 236 0 4 0 4
 255 5 262 223 262 223 262 223 275 223 275 223 275 223 0 4 0 4
 255 5 275 236 275 236 275 236 314 236 314 236 314 236 0 4 0 4
 255 5 314 223 314 223 314 223 353 223 353 223 353 223 0 4 0 4
 255 5 353 236 353 236 353 236 366 236 366 236 366 236 0 4 0 4
 255 5 366 223 366 223 366 223 405 223 405 223 405 223 0 4 0 4
 255 5 405 236 405 236 405 236 444 236 444 236 444 236 0 4 0 4
 255 5 444 223 444 223 444 223 457 223 457 223 457 223 0 4 0 4
 255 5 457 236 457 236 457 236 496 236 496 236 496 236 0 4 0 4
 255 5 496 223 496 223 496 223 535 223 535 223 535 223 0 4 0 4
 255 5 535 236 535 236 535 236 548 236 548 236 548 236 0 4 0 4
 255 5 548 223 548 223 548 223 587 223 587 223 587 223 0 4 0 4
 255 5 587 236 587 236 587 236 626 236 626 236 626 236 0 4 0 4
 255 5 626 223 626 223 626 223 639 223 639 223 639 223 0 4 0 4
 255 5 639 236 639 236 639 236 678 236 678 236 678 236 0 4 0 4
 255 5 678 223 678 223 678 223 717 223 717 223 717 223 0 4 0 4
 255 5 717 236 717 236 717 236 730 236 730 236 730 236 0 4 0 4
 255 5 730 223 730 223 730 223 769 223 769 223 769 223 0 4 0 4
 255 5 171 262 171 262 156 262 156 327 171 327 171 327 0 4 0 4
 255 5 171 353 171 353 171 351 210 351 210 353 210 353 0 4 0 4
 255 5 210 366 210 366 210 368 262 368 262 366 262 366 0 4 0 4
 255 5 262 353 262 353 262 354 301 354 301 353 301 353 0 4 0 4
 255 5 301 366 301 366 301 365 353 365 353 366 353 366 0 4 0 4
 255 5 353 353 353 353 353 354 392 354 392 353 392 353 0 4 0 4
 255 5 392 366 392 366 392 366 444 366 444 366 444 366 0 4 0 4
 255 5 444 353 444 353 444 355 483 355 483 353 483 353 0 4 0 4
 255 5 483 366 483 366 483 366 535 366 535 366 535 366 0 4 0 4
 255 5 535 353 535 353 535 355 574 355 574 353 574 353 0 4 0 4
 255 5 574 366 574 366 574 366 626 366 626 366 626 366 0 4 0 4
 255 5 626 353 626 353 626 353 665 353 665 353 665 353 0 4 0 4
 255 5 665 366 665 366 665 366 717 366 717 366 717 366 0 4 0 4
 255 5 717 353 717 353 717 354 756 354 756 353 756 353 0 4 0 4
 255 5 808 353 808 353 808 353 847 353 847 353 847 353 0 4 0 4
 255 5 899 353 899 353 899 353 938 353 938 353 938 353 0 4 0 4
 0 5 71 288 71 288 71 444 71 444 233 444 233 444 0 1 0 5
 0 5 285 444 285 444 285 366 285 366 249 366 249 366 0 5 0 4
 0 5 376 444 376 444 376 366 376 366 340 366 340 366 0 5 0 4
 0 5 467 444 467 444 467 366 467 366 431 366 431 366 0 5 0 4
 0 5 558 444 558 444 558 366 558 366 522 366 522 366 0 5 0 4
 0 5 649 444 649 444 649 366 649 366 613 366 613 366 0 5 0 4
 0 5 740 444 740 444 740 372 704 372 704 366 704 366 0 5 0 4
 0 5 71 249 71 249 71 171 71 171 197 171 197 171 0 1 0 4
 0 5 249 171 249 171 234 171 234 171 234 146 234 146 0 4 0 3
 0 5 340 171 340 171 325 171 325 171 325 146 325 146 0 4 0 3
 0 5 431 171 431 171 416 171 416 171 416 146 416 146 0 4 0 3
 0 5 522 171 522 171 507 171 507 171 507 146 507 146 0 4 0 3
 0 5 613 171 613 171 598 171 598 171 598 146 598 146 0 4 0 3
 0 5 704 171 704 171 689 171 689 171 689 146 689 146 0 4 0 3
 0 5 795 171 795 171 780 171 780 171 780 146 780 146 0 4 0 3
 255 5 171 366 171 366 171 405 171 405 197 405 197 405 0 4 0 4
 255 5 207 496 207 496 201 496 201 405 210 405 210 405 0 5 0 4
 255 5 324 496 324 496 324 410 288 410 288 405 288 405 0 5 0 4
 255 5 441 496 441 496 405 496 405 496 405 405 405 405 0 5 0 4
 255 5 506 600 506 591 434 591 434 535 441 535 441 535 0 5 0 5
 0 5 480 613 480 613 480 613 493 613 493 613 493 613 0 5 0 5
 0 5 675 639 675 639 675 646 493 646 493 639 493 639 0 5 0 5
 255 5 584 496 584 496 584 405 584 405 548 405 548 405 0 5 0 4
 255 5 584 600 584 600 574 600 574 535 584 535 584 535 0 5 0 5
 255 5 12 442 12 442 12 387 216 387 216 509 207 509 0 2 0 5
 0 5 12 500 12 500 12 444 12 444 246 444 246 444 0 2 0 5
 8421631 5 197 353 197 353 197 355 288 355 288 353 288 353 0 4 0 4
 8421631 5 288 366 288 366 288 366 379 366 379 366 379 366 0 4 0 4
 8421631 5 379 353 379 353 379 360 470 360 470 353 470 353 0 4 0 4
 8421631 5 470 366 470 366 470 366 561 366 561 366 561 366 0 4 0 4
 8421631 5 561 353 561 353 561 356 652 356 652 353 652 353 0 4 0 4
 8421631 5 652 366 652 366 652 361 743 361 743 366 743 366 0 4 0 4
 8421631 5 210 184 210 184 182 184 182 184 182 146 182 146 0 4 0 3
 8421631 5 288 184 288 184 273 184 273 184 273 146 273 146 0 4 0 3
 8421631 5 379 184 379 184 364 184 364 184 364 146 364 146 0 4 0 3
 8421631 5 483 184 483 184 455 184 455 184 455 146 455 146 0 4 0 3
 8421631 5 546 146 546 146 546 184 546 184 561 184 561 184 0 3 0 4
 8421631 5 637 146 637 146 637 184 637 184 652 184 652 184 0 3 0 4
 8421631 5 728 146 728 146 728 184 728 184 743 184 743 184 0 3 0 4
 8421631 5 223 184 223 184 223 223 223 223 210 223 210 223 0 4 0 4
 8421631 5 301 223 301 223 301 223 301 184 301 184 301 184 0 4 0 4
 8421631 5 392 236 392 236 392 236 392 184 392 184 392 184 0 4 0 4
 8421631 5 483 223 483 223 483 184 483 184 470 184 470 184 0 4 0 4
 8421631 5 574 236 574 236 574 236 574 184 574 184 574 184 0 4 0 4
 8421631 5 665 223 665 223 665 223 665 184 665 184 665 184 0 4 0 4
 8421631 5 756 236 756 236 756 236 756 184 756 184 756 184 0 4 0 4
 8421631 5 182 107 182 107 182 49 195 49 195 42 195 42 0 3 0 3
 8421631 5 286 3 286 3 286 3 195 3 195 3 195 3 0 3 0 3
 8421631 5 286 16 286 16 286 16 377 16 377 16 377 16 0 3 0 3
 8421631 5 377 3 377 3 377 3 468 3 468 3 468 3 0 3 0 3
 8421631 5 468 16 468 16 468 16 559 16 559 16 559 16 0 3 0 3
 8421631 5 559 3 559 3 559 3 650 3 650 3 650 3 0 3 0 3
 8421631 5 650 16 650 16 650 16 741 16 741 16 741 16 0 3 0 3
 8421631 5 597 457 597 457 591 457 591 600 597 600 597 600 0 5 0 5
 0 5 675 626 675 626 680 626 680 678 675 678 675 678 0 5 0 5
 0 5 610 678 610 678 610 678 610 639 610 639 610 639 0 5 0 5
 0 5 623 639 623 639 623 639 623 678 623 678 623 678 0 5 0 5
 0 5 636 639 636 639 636 639 636 678 636 678 636 678 0 5 0 5
 0 5 649 639 649 639 649 639 649 678 649 678 649 678 0 5 0 5
 255 5 662 639 662 639 662 647 584 647 584 639 584 639 0 5 0 5
 255 5 701 496 701 496 701 405 701 405 665 405 665 405 0 5 0 4
 0 5 779 639 779 639 779 639 779 678 779 678 779 678 0 5 0 5
 8454016 5 714 509 714 509 714 503 610 503 610 509 610 509 0 5 0 5
 8454016 5 636 509 636 509 636 505 727 505 727 509 727 509 0 5 0 5
 8454016 5 740 496 740 496 740 492 389 492 389 496 389 496 0 5 0 5
 8454016 5 402 496 402 496 402 484 675 484 675 496 675 496 0 5 0 5
 255 5 662 496 662 496 662 405 662 405 626 405 626 405 0 5 0 4
 16744448 5 610 522 610 522 610 554 441 554 441 600 441 600 0 5 0 5
 16744448 5 623 522 623 522 623 559 454 559 454 600 454 600 0 5 0 5
 16744448 5 636 522 636 522 636 580 467 580 467 600 467 600 0 5 0 5
 8454143 5 454 496 454 496 454 489 220 489 220 496 220 496 0 5 0 5
 8454016 5 246 496 246 496 246 492 467 492 467 496 467 496 0 5 0 5
 16744703 5 480 496 480 496 480 491 272 491 272 496 272 496 0 5 0 5
 4210816 5 337 509 337 509 337 506 493 506 493 509 493 509 0 5 0 5
 33023 5 363 509 363 509 363 510 506 510 506 509 506 509 0 5 0 5
 16777088 5 519 535 519 535 519 589 376 589 376 600 376 600 0 5 0 5
 8388608 5 532 535 532 535 532 581 350 581 350 600 350 600 0 5 0 5
 65793 5 285 639 285 639 283 639 283 678 285 678 285 678 0 5 0 5
 65793 5 402 639 402 639 402 639 402 678 402 678 402 678 0 5 0 5
 255 5 160 723 160 723 148 723 148 762 147 762 147 762 0 6 0 6
 255 5 251 762 251 762 251 762 251 723 251 723 251 723 0 6 0 6
 16744448 5 285 522 285 522 276 522 276 727 160 727 160 762 0 5 0 6
 16744448 5 350 535 342 535 342 714 173 714 173 762 173 762 0 5 0 6
 16744448 5 186 762 186 762 186 762 199 762 199 762 199 762 0 6 0 6
 16744448 5 233 535 225 535 225 702 212 702 212 762 212 762 0 5 0 6
 4210688 5 186 801 186 801 186 820 147 820 147 866 147 866 0 6 0 6
 4210688 5 173 866 173 879 90 879 90 313 275 313 275 327 0 6 0 4
 4210688 5 275 366 275 366 275 371 366 371 366 366 366 366 0 4 0 4
 16512 5 457 366 457 372 97 372 97 827 212 827 212 866 0 4 0 6
 16512 5 457 353 457 353 457 358 639 358 639 366 639 366 0 4 0 4
 16744448 5 225 775 225 737 86 737 86 340 184 340 184 340 0 6 0 4
 16512 5 225 801 225 801 225 850 186 850 186 866 186 866 0 6 0 6
 8421376 5 212 775 212 775 212 775 264 775 264 775 264 775 0 6 0 6
 8421376 5 173 775 173 775 173 769 277 769 277 775 277 775 0 6 0 6
 8421376 5 290 775 290 775 290 775 303 775 303 775 303 775 0 6 0 6
 8421376 5 329 762 329 762 329 376 548 376 548 340 548 340 0 6 0 4
 65793 5 225 905 225 905 225 905 225 944 225 944 225 944 0 6 0 6
 65793 5 329 905 329 905 329 905 329 944 329 944 329 944 0 6 0 6
 255 5 936 16 936 16 936 9 975 9 975 16 975 16 0 3 0 3
 8421631 5 233 457 233 457 170 457 170 457 170 468 170 468 0 5 0 2
 8421631 5 197 366 197 366 170 366 170 366 170 442 170 442 0 4 0 2
 8421631 5 197 184 197 184 170 184 170 184 170 455 170 455 0 4 0 2
 0 5 927 944 927 944 1044 944 1044 444 961 444 961 444 0 6 0 5
 0 5 428 444 428 444 428 626 428 626 480 626 480 626 0 5 0 5
 255 5 975 29 975 29 1042 29 1042 29 1042 111 1042 111 0 3 0 13
 65793 5 532 639 532 639 532 639 532 678 532 678 532 678 0 5 0 5
 255 5 207 522 207 522 132 522 132 723 173 723 173 723 0 5 0 6
 16711680 5 223 327 223 327 223 289 197 289 197 262 197 262 0 4 0 4
 16711680 5 314 327 314 327 314 288 288 288 288 262 288 262 0 4 0 4
 16711680 5 405 327 405 327 405 294 379 294 379 262 379 262 0 4 0 4
 16711680 5 496 327 496 327 496 283 470 283 470 262 470 262 0 4 0 4
 16711680 5 587 327 587 327 587 287 561 287 561 262 561 262 0 4 0 4
 16711680 5 678 327 678 327 678 283 652 283 652 262 652 262 0 4 0 4
 4227072 5 769 327 769 327 769 292 743 292 743 262 743 262 0 4 0 4
 4227072 5 236 249 236 249 236 152 169 152 169 107 169 107 0 4 0 3
 4227072 5 327 249 327 249 327 156 260 156 260 146 260 146 0 4 0 3
 4227072 5 418 249 418 249 418 150 351 150 351 146 351 146 0 4 0 3
 4227072 5 509 249 509 249 509 152 442 152 442 146 442 146 0 4 0 3
 4227072 5 600 249 600 249 600 153 533 153 533 146 533 146 0 4 0 3
 4227072 5 691 236 691 236 691 151 624 151 624 146 624 146 0 4 0 3
 4227072 5 782 223 782 223 782 155 715 155 715 146 715 146 0 4 0 3
 4210816 5 208 120 208 120 208 42 208 42 182 42 182 42 0 3 0 3
 4210816 5 299 120 299 120 299 42 299 42 273 42 273 42 0 3 0 3
 4210816 5 390 120 390 120 390 42 390 42 364 42 364 42 0 3 0 3
 4210816 5 481 120 481 120 481 40 455 40 455 42 455 42 0 3 0 3
 4210816 5 572 120 572 120 572 42 572 42 546 42 546 42 0 3 0 3
 4210816 5 663 120 663 120 663 42 663 42 637 42 637 42 0 3 0 3
 4210816 5 754 120 754 120 762 120 762 48 728 48 728 42 0 3 0 3
 4210816 5 199 866 199 866 199 591 376 591 376 535 376 535 0 6 0 5
 8421376 5 316 762 316 762 316 550 376 550 376 522 376 522 0 6 0 5
 4210688 5 259 535 259 543 145 543 145 866 160 866 160 866 0 5 0 6
 16711680 5 1063 207 1063 207 1063 338 236 338 236 327 236 327 0 13 0 4
 16711680 5 1076 207 1076 207 1076 343 327 343 327 340 327 340 0 13 0 4
 16711680 5 1089 207 1089 207 1089 339 418 339 418 327 418 327 0 13 0 4
 16711680 5 1102 207 1102 207 1102 340 1102 340 509 340 509 340 0 13 0 4
 16711680 5 1115 207 1115 207 1115 340 1115 340 600 340 600 340 0 13 0 4
 16711680 5 1128 207 1128 207 1128 340 1128 340 691 340 691 340 0 13 0 4
 16711680 5 1167 207 1167 207 1167 246 249 246 249 262 249 262 0 13 0 4
 16711680 5 1180 207 1180 207 1180 247 340 247 340 262 340 262 0 13 0 4
 16711680 5 1193 207 1193 207 1193 249 1193 249 431 249 431 249 0 13 0 4
 16711680 5 1206 207 1206 207 1206 246 522 246 522 262 522 262 0 13 0 4
 16711680 5 1219 207 1219 207 1219 250 613 250 613 262 613 262 0 13 0 4
 16711680 5 1232 207 1232 207 1232 251 704 251 704 262 704 262 0 13 0 4
 16711680 5 1271 207 1483 207 1483 77 221 77 221 107 221 107 0 13 0 3
 16711680 5 1284 207 1492 207 1492 82 312 82 312 120 312 120 0 13 0 3
 16711680 5 1297 207 1493 207 1493 82 403 82 403 107 403 107 0 13 0 3
 16711680 5 1310 207 1488 207 1488 76 494 76 494 107 494 107 0 13 0 3
 16711680 5 1323 207 1487 207 1487 76 585 76 585 120 585 120 0 13 0 3
 16711680 5 1336 207 1492 207 1492 82 676 82 676 107 676 107 0 13 0 3
 16711680 5 1388 207 1490 207 1490 26 325 26 325 29 325 29 0 13 0 3
 16711680 5 1401 207 1401 207 1491 207 1491 25 416 25 416 42 0 13 0 3
 16711680 5 1414 207 1414 207 1489 207 1489 29 507 29 507 29 0 13 0 3
 16711680 5 1427 207 1427 207 1487 207 1487 24 598 24 598 42 0 13 0 3
 16711680 5 1440 207 1440 211 1487 211 1487 29 689 29 689 29 0 13 0 3
 16711680 5 1375 207 1489 207 1489 24 234 24 234 42 234 42 0 13 0 3
 0 5 795 366 795 366 795 444 795 444 792 444 792 444 0 4 0 5
 16711680 5 730 366 730 366 730 527 480 527 480 535 480 535 0 4 0 5
 16711680 5 769 353 769 353 1141 353 1141 353 1141 207 1141 207 0 4 0 13
 16711680 5 1245 207 1245 207 1245 262 1245 262 782 262 782 262 0 13 0 4
 16711680 5 754 107 754 107 754 79 1489 79 1489 207 1349 207 0 3 0 13
 16711680 5 767 42 767 42 1491 42 1491 207 1453 207 1453 207 0 3 0 13
21
 7074 1 14 150 55 5 0 8649028 0 3
 7074 1 14 241 55 5 0 8649028 0 3
 7074 1 14 332 55 5 0 8649028 0 3
 7074 1 14 423 55 5 0 8649028 0 3
 7074 1 14 514 55 5 0 8649028 0 3
 7074 1 14 605 55 5 0 8649028 0 3
 7074 1 14 696 55 5 0 8649028 0 3
 7074 1 14 165 275 5 0 8649028 0 4
 7074 1 14 256 275 5 0 8649028 0 4
 7074 1 14 347 275 5 0 8649028 0 4
 7074 1 14 438 275 5 0 8649028 0 4
 7074 1 14 529 275 5 0 8649028 0 4
 7074 1 14 620 275 5 0 8649028 0 4
 7074 1 14 711 275 5 0 8649028 0 4
 7004 1 14 201 548 5 0 8649028 0 5
 7004 1 14 318 548 5 0 8649028 0 5
 7138 1 16 435 548 5 0 8649028 0 5
 7161 1 16 578 548 5 0 8649028 0 5
 7008 1 14 695 548 5 0 8649028 0 5
 7032 1 14 141 814 5 0 8649028 0 6
 7032 1 14 245 814 5 0 8649028 0 6
